3344
8938
7923
3979
2753
5730
4225

24216
7432
18284

3475
9177
6769
11335
8061
9302
8132

25796

20937

2039
4989
5932
5434
5088
7185
1271
8359
5489
8646

7796
1233
3529
4118
7093
7090
8757
2283
5562
3789

2296
2105
1978
2981
5682
1627
2285
5654
5596
2022
2733
3078
3176
4158

6294
3789
1863
5121
6122
7309
7063
4233
1717
6755
5505
2713

4988
5133
4933
6407
2897
2682
5328
4268
1518
4631
2736
1432
3812
1031

4553
1109
7214
2744
8389
3180
7464
5584
7689
6452

5645
6207
2497
1114
5747
2620
2621
1866
2334
1324
5879
6322
4954

8723
24316
4375

4051
6866
7417
4650
6035
6580
3881
3041
1443
6659
2951
2387

5606
1862
3300
6106
5944
2306
1935
5717
6204
1882
2455
4790
4534
4144

3278
5536
4686
4331
1750
1742
2103
6754
5417
2242
2374
5133
2315

34403

5574
2129
2846
5790
1428
1220
1523
5768
2226
1442
1139
3295
3831

3231
3998
5904
6878
3082
2159
2806
2388
1878
1393
6929
6812

18094

4972
4575
5522
5582
2776
3971
3595
1959
4161
4550
1987
4519
4551
3546
3562

4913
5328
2726
5349
6670
7650
7799
3818
5536
2765

1674
3454
5921
6170
3474
1401
5993
5098
3269
5671
5385
5418

4381
35451

1970
6227
6781
3622
2921
2360
5673
2344
5503
5006
6866
1804
2559

12473
1374
23850

7943
1442
3091
2907
1538
6027
1389
4851
3301
1324
6017

13712
11949
4399
1093
2546
6876

5429
1453
7989
9605
2344
10505
4563
3537

6061
1428
3435
5752
1097
3313
2318
1656
2206
6922
6612
2805
3123

2613
6493
3283
5206
4118
3058
1377
4453
6195
3371
5520
6197
5121
1622

8199
5761
6985
6058
8277
9247
8937
4739
5107

11764
13344
5462

4453
10616
8770
6014
6991
7898

5873
12987
16138
